PARTICLE SIZE DISTRIBUTION DATA
Abakus sofware version: 	KORN67.V 2.S3 04/09/23
Noise level and calibration: 	0146 00000000 00000000 00000008 00000198 00000010 00000227 00000020 00000662 00000100 00004440 00000150 00005167 00000250 00005861 00000403 00006779 00000680 00008012 00001000 00009199 00001200 00009782 00000000 00000000 00000000 00000000 00000000 00000000 00000000 00000000 00000000 00000000
2019-9-2	15:12:22
Stand-alone measurement, no corresponding CFA file

Index	Duration (s)	0,8	0,9	1,0	1,1	1,2	1,3	1,4	1,6	1,8	2,0	2,2	2,4	2,6	2,9	3,2	3,5	3,9	4,3	4,8	5,3	5,8	6,4	7,1	7,8	8,6	9,5	10,5	11,6	12,8	14,1	15,5	80,0
7	1,000	34	32	43	29	27	29	26	34	19	21	20	11	23	18	23	11	9	12	5	3	5	3	1	4	1	1	0	0	0	0	0	0
8	11,000	337	428	483	288	223	233	365	296	276	249	209	175	243	196	179	154	136	120	62	55	44	30	31	25	14	10	1	2	4	0	0	0
9	1,000	32	35	53	30	25	20	31	30	33	25	13	26	31	11	18	16	10	9	12	9	1	4	2	1	0	1	0	0	0	0	0	0
10	1,000	29	33	47	18	24	16	34	30	21	21	19	16	25	22	10	14	8	9	11	9	6	7	2	4	1	0	0	1	1	0	0	0
11	1,000	34	28	53	21	24	19	31	16	18	19	18	14	20	16	17	18	12	17	8	7	4	2	0	0	1	0	0	0	0	1	0	0
12	1,000	27	20	47	22	27	17	30	21	19	19	20	12	16	16	16	16	12	19	12	4	4	4	4	3	2	0	0	0	0	2	0	0
13	1,000	6	9	8	4	3	3	6	4	3	2	5	2	0	2	2	5	3	1	1	1	2	1	0	0	0	0	0	0	0	0	0	0
14	1,000	0	0	0	0	0	0	0	0	0	0	0	0	0	0	0	0	0	0	0	0	0	0	0	0	0	0	0	0	0	0	0	0
15	1,000	0	0	0	0	0	0	0	0	0	0	0	0	0	0	0	0	0	0	0	0	0	0	0	0	0	0	0	0	0	0	0	0
16	0,999	0	0	0	0	0	0	0	0	0	0	0	0	0	0	0	0	0	0	0	0	0	0	0	0	0	0	0	0	0	0	0	0
17	1,000	0	1	0	0	0	0	0	0	0	0	0	0	0	0	0	0	0	0	0	0	0	0	0	0	0	0	0	0	0	0	0	0
18	1,000	1	3	0	5	1	4	2	3	6	1	5	3	5	0	2	1	1	2	0	0	1	0	0	0	0	0	0	0	0	0	0	0
19	1,000	33	35	33	26	17	27	30	24	25	18	14	18	17	18	14	20	3	10	8	4	2	2	1	2	2	1	0	1	0	0	0	0
20	1,000	34	26	36	22	17	23	32	29	28	30	16	17	18	18	9	16	13	8	3	2	3	6	2	2	0	0	0	0	0	0	0	0
21	1,000	25	34	36	28	16	18	41	28	26	22	10	18	22	25	8	18	9	10	10	10	6	1	3	0	1	2	1	0	0	1	1	0
22	1,000	23	35	40	24	33	19	31	31	29	18	17	16	22	12	19	17	10	15	5	2	4	2	3	3	1	2	0	1	0	2	0	0
23	1,000	30	43	49	20	26	21	26	35	24	32	21	14	18	17	12	16	14	5	5	8	1	3	3	2	2	3	0	0	0	0	0	0
24	1,000	41	34	47	32	18	24	37	39	24	28	18	16	26	14	20	10	11	15	7	3	3	2	1	2	4	1	0	0	0	0	0	0
25	1,000	31	32	41	24	27	16	33	29	13	17	19	14	15	12	18	9	9	14	5	8	4	4	2	3	2	0	0	0	0	0	0	0
26	1,000	28	47	46	20	10	14	29	29	9	22	14	20	26	13	13	15	14	11	5	6	5	3	1	3	2	2	0	0	0	0	0	0
27	1,000	35	49	34	34	23	22	35	28	27	14	18	10	22	14	18	27	12	6	6	6	2	2	0	1	2	1	0	0	1	0	0	0
28	1,000	33	45	38	25	26	23	15	34	21	17	12	22	12	14	19	20	12	19	7	4	9	5	2	2	2	0	0	0	1	0	0	0
29	1,000	24	38	38	19	23	13	35	25	32	24	26	14	11	12	12	20	11	8	7	7	2	1	2	2	1	0	0	1	0	0	0	0
30	1,000	28	31	51	26	20	23	36	29	26	24	20	19	26	12	19	18	10	13	13	6	9	3	3	1	3	2	0	0	0	0	0	0
31	1,000	32	34	39	26	23	22	52	37	25	25	24	20	22	21	18	13	11	13	9	6	1	4	2	1	1	0	0	0	0	0	0	0
32	1,000	19	37	37	24	21	18	38	27	28	23	24	17	30	11	12	17	9	10	7	5	4	6	2	3	1	2	0	0	0	0	0	0
33	1,000	33	24	37	30	22	21	27	31	23	18	18	20	24	14	11	10	17	12	9	6	4	3	1	0	1	1	0	3	0	0	0	0
34	0,999	35	32	41	17	15	15	46	29	24	21	12	15	23	22	15	17	13	5	12	3	4	2	3	2	0	1	0	1	0	0	0	0
35	1,000	34	42	46	22	20	18	34	34	26	18	23	14	15	13	20	14	7	18	11	4	3	4	3	2	1	2	0	0	0	0	0	0
36	1,000	30	31	36	19	19	15	28	36	19	21	20	19	23	19	17	13	9	15	4	5	5	3	1	2	1	0	0	2	0	0	0	0
37	1,000	33	31	40	40	24	21	28	29	18	22	12	18	21	16	20	12	17	13	7	3	2	3	1	1	2	1	0	0	0	0	1	0
38	1,000	31	41	43	32	18	18	33	36	27	16	26	16	25	21	14	17	11	12	3	6	4	6	5	2	1	1	0	0	0	1	0	0
39	1,000	29	43	52	24	21	26	36	25	33	25	18	24	19	21	12	16	10	11	11	4	2	1	0	1	1	1	0	1	0	0	1	0
40	1,000	33	39	45	23	29	32	43	32	19	23	23	19	30	11	18	16	14	8	7	6	5	3	3	1	0	1	1	0	1	0	2	0
41	1,000	32	36	37	22	17	19	23	25	10	16	20	18	22	16	12	20	8	10	7	5	4	6	2	4	3	0	0	0	0	0	0	0
42	1,000	26	29	53	24	20	13	40	25	27	21	15	18	22	12	18	16	13	14	6	2	2	2	0	3	0	0	0	0	0	0	0	0
43	1,000	30	35	52	27	16	21	32	25	17	26	20	12	20	13	12	18	8	13	8	3	5	2	4	3	2	1	0	1	0	0	0	0
44	1,000	29	35	41	23	21	31	23	22	22	17	22	23	25	13	14	21	5	13	4	3	6	3	2	4	1	1	0	1	0	0	0	0
45	1,000	42	34	43	31	27	15	31	32	27	23	24	19	20	16	18	24	10	9	7	10	3	4	6	1	1	1	0	0	0	0	0	0
46	1,000	23	36	44	26	30	15	34	36	23	14	23	17	14	20	21	10	8	12	4	6	5	2	2	4	2	1	0	0	0	0	1	0
47	1,000	31	36	39	27	24	19	40	21	31	23	25	15	22	12	15	13	14	9	5	2	5	3	3	1	2	0	0	0	2	0	0	0
48	1,000	34	36	44	21	21	19	36	26	24	20	12	7	22	16	16	16	8	8	6	2	6	4	3	2	4	0	0	0	0	0	0	0
49	1,000	37	28	36	33	19	16	31	34	24	30	15	11	20	21	13	5	14	11	7	14	2	3	1	3	1	0	0	0	0	0	0	0
50	1,000	28	24	33	28	20	13	38	38	18	19	10	19	27	23	7	20	10	13	7	6	4	5	3	1	0	2	0	0	0	0	0	0
51	0,999	34	44	58	21	21	17	39	22	16	18	20	19	23	17	10	15	12	8	5	6	3	4	2	2	3	0	2	0	0	0	1	0
52	1,000	32	37	59	21	30	15	37	37	28	34	19	29	23	20	18	15	12	9	7	5	3	1	1	2	1	1	2	2	0	0	1	0
53	1,000	28	41	40	22	24	28	39	38	23	28	23	13	30	17	11	14	15	17	14	3	4	2	3	2	0	0	1	0	0	0	0	0
54	1,000	32	37	46	25	19	14	38	29	26	21	25	25	37	24	14	18	16	13	5	4	5	1	3	4	1	0	1	1	0	0	0	0
55	1,000	37	44	40	18	20	19	29	31	23	32	17	19	27	20	13	5	16	10	7	4	1	7	1	1	2	1	2	1	0	0	0	0
56	1,000	29	42	42	27	17	22	36	20	22	14	22	16	22	12	19	15	14	3	8	6	5	6	1	3	0	0	0	0	0	0	0	0
57	1,000	22	33	41	22	18	24	41	18	25	21	20	19	17	14	9	23	8	14	8	4	4	3	4	3	3	0	0	0	0	0	0	0
58	1,000	33	30	33	21	23	23	32	23	21	17	26	19	19	16	14	15	8	13	11	6	3	1	3	3	1	1	0	0	0	0	1	0
59	1,000	34	29	47	33	25	10	34	25	26	16	20	28	16	14	9	17	9	11	6	1	4	3	2	5	1	3	0	1	1	0	0	0
60	1,000	27	31	52	32	16	14	30	19	25	22	15	24	23	16	17	16	14	16	9	8	2	3	4	1	2	0	1	0	0	0	2	0
61	1,000	26	42	58	22	19	12	27	41	24	21	19	20	18	16	18	23	13	15	6	7	9	2	0	2	1	0	0	1	0	0	0	0
62	1,000	29	35	50	22	17	24	37	21	18	25	17	12	20	12	22	14	5	21	10	7	5	1	1	4	0	1	0	1	0	0	0	0
63	1,000	24	29	38	16	18	16	20	31	25	16	10	19	15	12	14	14	13	9	5	8	6	4	2	2	1	0	1	0	1	0	0	0
64	1,000	35	29	37	28	19	22	35	26	24	20	18	22	18	17	9	13	10	11	10	6	5	2	3	0	0	0	0	0	0	0	0	0
65	1,000	27	33	39	31	20	16	33	30	19	27	22	12	25	20	14	12	11	12	5	7	1	4	5	3	3	0	0	0	0	0	1	0
66	1,000	22	37	54	21	21	27	33	26	24	26	16	14	21	22	18	19	8	14	10	1	5	2	1	2	4	3	0	1	0	0	0	0
67	1,000	31	36	50	35	23	19	30	34	24	24	13	23	23	26	13	13	12	8	8	8	7	5	3	4	2	0	0	0	0	0	0	0
68	1,000	30	26	50	24	14	25	44	34	29	18	23	17	19	19	16	10	15	8	8	10	3	6	3	2	1	0	0	1	0	1	0	0
69	0,999	48	41	35	26	15	17	27	33	24	15	20	19	21	12	7	17	16	4	5	5	7	5	2	2	0	1	0	0	0	0	1	0
70	1,000	31	37	44	28	18	20	25	22	32	23	21	8	10	23	18	12	11	13	6	3	4	2	1	2	0	0	0	0	0	1	0	0
71	1,000	36	28	34	15	21	15	35	29	19	14	17	16	23	16	11	14	9	10	5	1	7	3	2	0	1	1	0	0	0	0	0	0
72	1,000	38	30	39	27	20	19	35	25	27	21	21	11	18	19	20	20	13	9	14	2	3	2	4	2	0	1	0	2	0	0	1	0
73	1,000	29	31	52	22	16	20	32	19	21	26	14	9	20	18	19	17	9	9	9	11	3	0	1	2	0	0	1	0	0	0	0	0
74	1,000	32	31	41	21	23	23	39	41	18	21	25	22	22	10	17	13	12	9	7	3	5	7	2	2	1	0	1	0	0	0	0	0
75	1,000	46	38	59	27	23	22	34	37	23	26	28	16	23	17	12	17	12	8	6	5	8	3	1	3	1	0	0	0	0	0	0	0
76	1,000	31	34	49	30	25	22	29	32	30	15	24	20	18	16	12	20	10	6	7	6	3	4	4	3	4	1	0	0	1	0	0	0
77	1,000	38	36	33	24	20	28	30	25	24	15	14	25	22	19	14	9	9	9	10	7	1	4	4	2	3	0	1	0	1	1	0	0
78	1,000	36	39	40	26	29	27	24	23	23	18	25	13	15	19	13	12	4	3	3	3	4	3	3	2	1	0	0	0	0	0	0	0
79	1,000	30	35	45	39	20	18	29	25	23	26	15	16	31	14	14	11	11	10	7	7	3	5	2	2	1	0	0	0	0	2	0	0
80	1,000	36	31	49	21	26	11	33	20	29	21	13	17	18	27	14	18	5	9	14	4	4	1	4	2	3	0	0	0	0	0	0	0
81	1,000	32	35	37	27	29	25	51	25	29	20	27	10	18	16	19	18	15	14	9	4	5	5	3	2	0	1	1	0	0	0	0	0
82	1,000	29	39	41	27	17	23	36	26	28	26	22	26	26	23	13	16	16	5	9	3	8	3	2	2	1	3	0	0	0	0	1	0
83	1,000	33	33	44	24	31	19	43	35	23	23	15	17	19	9	11	17	16	16	7	12	5	5	2	1	1	0	0	1	0	0	0	0
84	1,000	21	48	32	28	26	22	30	25	22	24	13	15	18	11	9	10	15	8	3	4	9	3	4	0	2	1	0	1	0	0	0	0
85	1,000	17	35	40	22	19	17	26	26	26	19	15	11	21	19	19	16	8	16	5	7	7	3	3	0	3	2	0	1	0	0	0	0
86	0,999	28	34	39	16	20	18	32	17	31	24	20	15	22	13	5	13	22	10	7	2	4	3	0	0	1	3	0	0	0	0	0	0
87	1,000	30	34	34	26	23	23	36	23	22	18	16	13	16	20	17	12	13	5	8	7	7	4	4	3	3	2	0	0	2	0	0	0
88	1,000	29	31	38	26	22	24	32	26	17	18	12	14	19	11	6	16	16	14	10	6	4	1	1	1	4	1	1	0	1	0	0	0
89	1,000	35	29	57	32	20	22	43	23	28	18	14	19	20	17	10	16	14	12	9	6	5	5	3	2	0	2	3	0	0	0	0	0
90	1,000	22	40	53	21	23	29	36	38	26	22	14	14	21	19	11	23	10	14	7	5	6	5	0	1	1	0	0	1	0	0	0	0
91	1,000	40	32	50	25	23	14	52	30	25	19	14	20	27	13	16	16	8	4	13	3	7	2	0	2	0	2	0	0	1	0	0	0
92	1,000	32	44	33	20	20	20	35	26	17	21	19	17	24	10	12	10	9	13	13	3	6	2	2	3	2	3	0	0	0	0	0	0
93	1,000	35	33	50	17	17	9	35	36	19	25	18	12	17	18	14	9	17	9	6	2	1	5	3	1	0	1	0	0	0	0	0	0
94	1,000	30	24	41	26	21	18	32	26	15	25	16	17	29	21	16	17	10	14	6	6	5	1	0	4	2	1	1	0	0	1	1	0
95	1,000	31	33	47	22	21	11	29	26	26	18	17	18	21	17	13	4	8	11	6	7	7	4	5	2	0	1	0	0	0	0	0	0
96	1,000	43	45	48	25	19	21	32	29	27	26	14	21	21	20	20	14	16	11	6	11	3	1	2	0	0	0	0	0	0	0	0	0
97	1,000	31	36	50	25	24	12	22	25	22	24	23	17	17	17	10	22	10	10	9	9	6	5	2	1	5	1	1	0	0	0	1	0
98	1,000	37	42	51	25	24	21	35	30	31	22	16	21	21	17	9	22	13	8	2	5	4	2	1	4	2	3	0	0	0	0	0	0
99	1,000	42	21	38	25	28	19	29	27	23	20	16	17	26	14	14	16	13	10	7	9	2	3	2	2	1	0	0	0	0	0	0	0
100	1,000	29	33	32	28	19	12	35	21	20	19	17	18	20	15	13	16	10	9	4	5	2	3	1	4	2	0	0	1	0	0	0	0
101	1,000	31	31	43	28	21	8	23	26	16	25	12	10	16	13	11	11	11	11	9	5	3	5	1	0	0	0	1	0	0	0	1	0
102	1,000	37	31	33	29	19	14	24	19	30	18	21	12	22	17	12	6	8	11	13	9	5	3	0	1	1	1	0	0	0	0	1	0
103	1,000	30	38	40	33	22	19	37	20	23	11	20	12	22	14	8	20	8	10	5	8	3	1	2	1	0	2	0	1	0	0	0	0
104	0,999	26	47	48	18	27	17	35	34	24	24	23	15	19	16	16	9	10	9	5	5	5	5	4	3	3	1	0	0	1	0	0	0
105	1,000	27	37	48	21	21	16	34	34	23	22	24	22	20	20	14	10	13	11	4	7	4	2	2	2	0	0	0	0	1	0	0	0
106	1,000	36	25	33	21	23	15	27	24	25	16	21	25	16	15	8	13	9	12	10	2	6	4	2	2	0	2	2	0	0	1	1	0
107	1,000	32	31	41	28	17	19	32	30	23	11	10	15	21	20	17	8	8	13	4	8	3	4	3	2	1	1	0	0	0	0	0	0
108	1,000	26	42	48	25	22	22	30	24	20	25	10	16	17	20	8	13	7	8	8	6	1	2	2	0	2	1	0	0	0	0	1	0
109	1,000	28	33	36	23	7	20	30	34	25	19	19	21	19	15	8	7	10	9	8	7	3	4	0	4	2	0	1	0	0	1	1	0
110	1,000	41	48	40	30	21	27	32	27	22	20	27	19	27	16	10	20	9	8	13	3	6	3	4	5	5	1	1	0	0	0	0	0
111	1,000	27	41	49	29	24	16	31	23	21	23	14	19	17	10	15	21	10	9	14	6	6	0	4	3	2	1	0	0	0	0	0	0
112	1,000	31	40	65	32	24	15	33	24	28	19	14	20	25	20	12	11	7	8	15	9	7	4	2	3	2	1	0	1	0	1	0	0
113	1,000	22	41	44	33	17	13	33	27	21	25	9	13	10	20	20	13	11	8	6	5	7	3	3	0	1	0	0	1	0	0	1	0
114	1,000	35	37	45	33	30	17	34	28	19	20	11	15	22	20	17	8	9	11	14	6	8	5	2	2	1	0	0	0	1	0	0	0
115	1,000	30	28	40	23	25	19	26	16	30	32	8	10	17	19	13	21	9	10	5	4	1	3	6	0	1	2	0	0	0	0	2	0
116	1,000	37	34	36	22	23	19	32	24	26	14	15	16	13	17	13	13	13	9	13	1	2	4	0	0	3	2	1	0	0	0	0	0
117	1,000	28	35	43	34	18	18	36	24	31	33	24	11	24	24	7	13	7	19	8	5	3	3	3	2	1	0	0	1	0	0	0	0
118	1,000	36	36	50	29	17	21	39	31	30	20	22	20	23	19	16	17	12	16	7	10	4	1	1	6	4	1	0	0	0	0	1	0
119	1,000	28	32	30	24	24	16	29	37	23	29	27	18	27	14	15	18	12	10	10	7	4	2	5	2	0	1	0	0	1	0	0	0
120	1,000	42	38	39	30	19	25	32	35	30	17	22	14	21	23	13	15	8	12	8	4	3	3	1	2	2	2	0	0	0	0	1	0
121	0,999	31	42	41	24	23	14	39	20	19	23	12	12	20	15	7	9	11	15	4	9	8	3	5	1	4	1	0	0	0	0	0	0
122	1,000	34	30	39	23	22	19	24	30	27	24	9	11	24	14	13	8	13	13	6	8	2	3	3	4	0	3	0	0	0	0	0	0
123	1,000	19	32	46	24	14	21	40	39	20	16	18	19	19	17	14	14	12	16	13	3	1	1	2	1	2	1	0	2	0	0	0	0
124	1,000	25	51	47	18	21	14	32	23	19	10	16	15	14	18	15	17	13	11	5	7	2	4	1	1	0	1	0	0	0	1	0	0
125	1,000	37	44	40	28	25	23	31	28	18	20	20	17	23	15	11	11	17	16	6	1	3	3	2	2	0	1	0	0	0	0	0	0
126	1,000	30	48	35	27	18	21	33	34	25	25	20	20	26	11	14	9	11	12	8	7	3	1	1	1	1	0	0	2	0	0	0	0
127	1,000	35	34	61	32	18	16	41	33	21	25	14	17	22	12	14	15	12	8	9	3	4	4	2	2	1	1	0	0	0	0	0	0
128	1,000	37	34	42	24	28	18	36	32	23	19	15	17	18	13	16	13	11	5	9	5	3	1	2	3	4	1	1	0	0	0	0	0
129	1,000	24	29	42	25	13	17	31	25	19	12	12	23	23	12	12	24	14	8	8	8	4	7	2	0	0	0	0	0	0	0	0	0
130	1,000	30	33	43	33	21	22	30	26	24	23	22	11	24	16	16	11	12	8	11	2	4	2	3	1	1	0	0	0	0	0	0	0
131	1,000	34	36	44	22	16	14	28	30	25	20	14	16	20	23	13	14	8	3	7	1	5	4	2	3	2	2	0	0	0	0	0	0
132	1,000	27	40	60	37	22	11	23	28	29	32	20	12	33	15	13	12	15	13	9	4	1	2	0	0	2	0	1	0	0	0	0	0
133	1,000	23	46	45	21	21	21	35	34	25	21	16	18	23	18	10	17	7	6	14	6	4	2	0	5	1	0	0	1	0	0	1	0
134	1,000	25	44	48	29	25	18	44	22	23	26	16	14	23	22	9	20	9	14	5	7	2	2	5	3	2	0	0	1	0	0	0	0
135	1,000	34	32	52	30	21	14	34	29	25	23	27	12	24	13	18	15	13	12	7	7	7	4	0	5	3	0	0	1	0	0	0	0
136	1,000	29	27	41	21	24	21	30	25	29	18	22	18	24	14	14	15	13	11	5	4	2	2	7	4	2	2	0	0	1	0	0	0
137	1,000	29	38	35	25	17	16	28	27	25	20	21	12	23	14	17	10	14	8	8	6	3	1	5	1	0	1	0	0	1	0	0	0
138	1,000	42	36	34	23	25	15	34	34	19	11	19	17	15	14	9	15	8	10	8	3	4	0	1	4	1	0	0	0	0	1	0	0
139	0,999	31	43	38	28	14	14	26	19	23	12	16	19	19	24	8	16	11	10	6	8	4	2	1	3	0	1	0	0	0	0	0	0
140	1,000	33	33	48	28	22	21	37	30	22	24	23	19	21	16	9	23	18	15	5	5	2	3	1	3	3	0	1	0	0	0	0	0
141	1,000	41	33	49	22	17	17	38	31	37	18	16	21	17	20	19	20	15	16	8	9	4	5	2	4	4	0	0	1	0	0	0	0
142	1,000	41	38	51	37	24	24	42	35	29	21	28	11	22	24	16	17	13	8	12	4	4	1	2	1	6	1	0	2	0	0	1	0
143	1,000	31	34	46	29	18	16	43	36	17	16	19	15	21	20	11	14	10	12	12	5	3	3	1	2	2	0	0	0	0	0	0	0
144	1,000	22	32	42	23	27	18	34	33	26	15	8	10	18	9	11	12	14	11	6	4	2	4	3	1	3	0	1	1	0	0	0	0
145	1,000	34	38	42	24	26	13	38	23	16	18	24	22	15	25	11	21	12	9	7	4	4	4	1	0	1	1	0	0	0	0	0	0
146	1,000	27	33	48	23	19	17	38	25	17	18	18	17	25	10	15	15	18	13	6	3	5	2	1	4	2	2	0	0	0	0	0	0
147	1,000	36	35	49	25	7	12	31	34	32	30	25	16	26	20	11	16	9	10	8	5	2	3	3	0	1	2	0	0	0	0	0	0
148	1,000	38	48	43	28	18	18	26	32	28	22	23	14	19	21	9	12	14	9	9	6	2	7	2	0	3	0	0	0	0	0	0	0
149	1,000	40	30	52	19	21	17	33	38	25	28	21	25	18	16	18	18	17	7	8	7	3	3	5	1	2	2	0	0	0	0	0	0
150	1,000	29	45	46	29	19	24	36	31	26	32	15	13	19	25	14	16	10	9	7	5	5	5	5	0	2	0	0	0	0	0	0	0
151	1,000	27	37	43	23	20	20	37	28	26	20	13	19	17	17	8	14	8	13	5	4	4	3	2	1	1	0	0	0	0	0	0	0
152	1,000	25	31	43	31	21	20	30	26	13	14	17	21	22	18	14	13	8	6	5	5	3	3	0	3	2	0	1	0	0	0	0	0
153	1,000	25	32	30	21	27	18	37	24	24	18	23	10	18	16	14	13	13	10	8	4	1	1	2	4	0	1	1	0	0	0	0	0
154	1,000	33	42	42	37	19	18	35	32	20	29	17	14	13	21	20	18	10	8	9	1	2	2	4	3	0	1	0	0	1	1	0	0
155	1,000	37	30	43	30	24	21	35	21	19	20	13	15	14	13	13	19	13	12	8	4	2	4	2	2	3	0	0	0	0	0	0	0
156	0,999	38	44	41	25	23	18	32	34	18	12	15	19	19	20	14	13	8	14	9	8	4	3	2	1	4	2	1	0	0	0	0	0
157	1,000	36	45	35	29	15	26	27	32	26	22	16	23	23	7	15	17	6	10	10	6	3	4	5	3	2	0	0	0	1	1	0	0
158	1,000	24	31	35	30	28	15	29	24	29	22	19	10	26	20	14	9	19	11	7	7	4	2	2	3	2	1	0	0	0	0	0	0
159	1,000	28	34	42	21	23	18	26	34	26	19	22	11	13	11	13	14	10	16	6	5	4	3	2	0	1	0	0	1	0	0	0	0
160	1,000	31	33	48	31	18	23	34	37	24	21	16	14	21	9	14	10	10	11	7	3	3	3	2	0	0	0	0	0	0	0	0	0
161	1,000	23	35	42	34	25	20	37	32	16	17	23	21	17	16	13	14	9	10	5	7	2	3	2	2	0	0	0	1	0	0	0	0
162	1,000	26	40	47	23	14	21	28	25	24	33	16	12	14	14	12	11	12	4	7	2	4	4	4	2	2	1	1	0	0	0	0	0
163	1,000	33	40	49	33	19	24	45	37	29	23	20	20	23	22	16	18	14	8	6	5	5	4	3	2	0	0	0	0	0	0	0	0
164	1,000	25	38	42	27	20	23	31	23	26	27	25	23	19	23	16	17	13	9	5	4	9	3	3	2	4	0	1	0	0	0	0	0
165	1,000	39	37	43	33	25	24	40	23	19	17	17	15	24	21	14	14	15	6	8	7	2	4	1	1	0	1	0	0	0	0	0	0
166	1,000	23	30	38	33	22	11	33	19	20	15	23	17	17	21	19	12	9	6	3	5	5	4	4	0	0	1	0	0	0	0	0	0
167	1,000	34	40	36	19	19	16	44	28	21	24	19	18	13	23	10	17	11	16	8	2	2	7	0	0	1	1	1	0	0	1	0	0
168	1,000	34	30	39	23	17	27	30	25	23	19	15	12	19	12	16	17	11	14	10	4	2	6	1	5	1	0	0	1	0	0	0	0
169	1,000	30	39	35	24	20	26	47	29	27	22	24	16	18	12	15	20	13	6	12	6	6	2	5	1	1	0	0	0	0	0	0	0
170	1,000	46	36	56	31	33	24	43	29	28	18	17	20	22	16	17	17	7	10	13	4	4	5	0	2	3	2	0	1	0	0	0	0
171	1,000	43	36	50	41	21	19	40	38	21	24	23	12	30	12	13	18	13	11	8	4	7	5	3	3	1	2	0	0	2	0	0	0
172	1,000	36	38	57	29	18	18	33	27	29	23	13	14	15	14	9	14	15	7	5	3	7	2	6	1	2	0	0	0	0	0	1	0
173	1,000	30	33	47	29	26	17	39	30	16	12	22	14	16	20	11	14	8	4	8	4	3	1	0	0	1	1	0	0	0	0	0	0
174	0,999	26	34	51	25	21	9	27	25	33	16	23	13	23	13	8	7	8	10	5	7	7	4	2	1	2	0	0	0	0	0	0	0
175	1,000	38	35	37	14	20	21	23	25	18	18	13	16	21	16	17	13	13	10	3	4	3	1	5	1	2	2	0	0	0	0	0	0
176	1,000	29	33	33	17	19	27	36	19	24	19	17	15	18	12	17	13	12	14	11	3	1	1	1	3	2	1	1	2	0	1	0	0
177	1,000	36	43	45	20	22	16	28	33	32	30	15	22	22	14	14	13	15	14	4	5	8	3	2	1	4	1	0	1	0	0	0	0
178	1,000	44	38	55	36	24	26	27	31	27	14	22	20	23	14	16	19	16	8	8	5	6	7	2	1	1	1	0	0	1	0	0	0
179	1,000	31	54	49	26	27	16	35	37	26	22	23	22	22	13	9	22	13	11	11	10	7	5	1	0	3	1	2	0	0	0	0	0
180	1,000	32	43	34	27	26	17	32	26	24	11	19	15	24	12	10	11	11	17	8	6	6	4	0	3	0	0	1	0	0	0	3	0
181	1,000	25	26	39	27	23	15	30	25	25	20	13	20	16	25	20	16	6	10	11	7	3	1	1	2	1	0	0	0	0	0	0	0
182	1,000	22	40	39	21	15	20	32	28	20	19	24	13	22	21	11	7	6	8	11	6	2	5	4	2	0	1	0	0	0	0	0	0
183	1,000	31	32	39	30	28	26	38	36	22	12	22	11	18	16	9	15	10	7	7	4	8	4	1	2	0	2	1	0	0	0	0	0
184	1,000	34	42	48	29	23	18	28	23	22	20	24	16	20	23	17	7	15	12	11	3	5	2	2	2	1	2	0	1	0	1	1	0
185	1,000	32	38	54	32	17	15	40	30	20	23	17	16	23	15	11	12	17	10	5	6	3	4	2	1	4	1	0	2	0	0	1	0
186	1,000	40	50	54	36	23	22	37	32	35	27	16	24	19	20	12	21	16	18	7	8	4	2	2	2	3	1	0	0	0	0	0	0
187	1,000	32	36	52	26	20	19	31	39	20	20	19	15	33	21	12	15	12	15	7	2	3	9	2	3	4	0	0	0	0	0	0	0
188	1,000	39	41	40	25	21	12	26	32	24	21	16	12	21	9	13	16	12	13	6	6	8	2	3	0	0	0	0	0	1	0	1	0
189	1,000	31	34	25	27	20	19	28	19	21	21	12	18	18	10	10	7	16	6	7	4	5	4	0	2	3	2	0	0	0	1	0	0
190	1,000	27	26	32	23	19	8	30	23	32	20	17	17	25	12	20	12	13	7	10	3	3	3	5	1	1	1	1	1	0	0	1	0
191	0,999	41	36	50	21	20	29	38	36	36	17	20	14	19	9	17	9	14	14	9	6	3	5	2	1	2	0	0	0	0	0	0	0
192	1,000	42	40	58	29	20	18	35	34	32	22	18	13	21	21	14	14	13	12	12	5	3	3	4	4	0	0	0	2	0	0	0	0
193	1,000	39	42	58	23	20	13	32	27	27	20	21	19	20	21	23	24	13	9	8	2	5	4	3	3	1	1	0	0	0	0	2	0
194	1,000	23	35	49	28	39	19	48	35	25	19	28	14	19	21	13	23	12	12	7	4	8	5	5	1	1	0	1	0	0	0	0	0
195	1,000	19	35	44	17	22	15	39	24	20	11	27	9	23	11	14	19	12	6	6	3	5	1	0	2	1	1	0	2	0	0	2	0
196	1,000	37	26	53	25	12	19	38	25	23	18	17	9	16	13	11	12	8	11	5	5	4	2	5	2	1	0	0	0	0	0	0	0
197	1,000	29	34	53	24	25	21	24	26	28	23	21	12	13	12	7	10	12	8	12	1	1	2	10	2	0	2	0	0	0	0	0	0
198	1,000	25	35	39	23	20	20	35	21	12	21	16	14	17	5	13	18	11	8	7	5	3	4	1	1	3	0	1	1	0	0	0	0
199	1,000	42	34	50	26	28	17	32	24	23	36	18	16	25	30	14	13	17	11	3	10	3	3	0	1	2	1	1	0	0	0	1	0
200	1,000	33	50	46	20	30	32	26	32	19	21	18	15	22	15	13	17	11	13	12	5	2	4	2	3	1	1	0	0	0	0	0	0
201	1,000	37	46	40	35	25	20	43	27	12	21	29	26	23	14	12	16	6	11	3	5	6	6	3	3	3	2	0	1	0	0	1	0
202	1,000	34	40	50	19	12	25	28	15	27	18	20	13	22	13	18	19	14	8	10	8	4	4	1	1	0	1	0	1	0	0	0	0
203	1,000	34	43	36	17	21	18	27	22	25	21	17	24	18	10	14	12	10	14	6	9	3	5	1	2	0	1	1	0	0	0	0	0
204	1,000	30	31	43	21	17	12	34	30	31	18	16	19	23	8	19	14	10	4	6	3	5	6	2	0	3	0	0	0	1	0	0	0
205	1,000	30	29	29	17	20	17	34	27	18	15	22	13	18	19	13	15	15	13	5	7	4	4	0	1	1	3	0	0	0	0	0	0
206	1,000	26	40	41	29	20	25	32	35	21	19	14	17	19	23	15	11	14	9	8	4	4	3	4	1	1	3	1	0	0	0	0	0
207	1,000	36	33	45	27	24	20	34	32	27	29	28	23	18	15	11	15	11	9	5	7	4	1	5	2	2	0	0	0	1	0	1	0
208	1,000	28	30	41	30	28	16	40	33	16	38	26	24	22	14	12	21	18	7	7	7	4	4	2	2	2	1	0	1	0	0	1	0
209	0,999	31	41	43	21	25	15	34	29	25	30	25	25	21	29	15	13	13	6	5	8	4	3	1	2	2	1	0	0	0	0	0	0
210	1,000	28	25	40	18	21	12	23	17	23	15	14	15	17	16	14	14	10	8	9	1	3	1	4	2	1	0	0	0	0	1	1	0
211	1,000	23	28	45	23	21	20	28	23	27	24	16	5	23	11	12	22	13	11	6	5	3	3	2	5	0	0	1	0	0	0	0	0
212	1,000	29	38	37	24	20	15	28	28	29	23	12	22	12	10	12	11	8	9	5	4	8	1	3	2	1	0	0	1	0	0	0	0
213	1,000	33	23	50	26	24	15	43	26	30	20	22	17	16	22	14	16	14	12	8	5	5	1	2	2	3	3	1	1	0	0	0	0
214	1,000	36	29	42	24	27	25	32	23	25	23	19	23	19	12	9	25	13	9	8	3	4	4	2	1	4	0	0	0	0	0	0	0
215	1,000	26	51	43	25	16	22	44	30	33	25	10	12	25	21	19	19	11	7	5	3	10	5	3	5	0	1	0	1	0	0	0	0
216	1,000	25	36	37	28	27	24	30	26	19	24	13	11	21	20	12	20	12	14	8	5	5	1	4	3	2	3	0	1	0	0	0	0
217	1,000	28	29	30	27	18	17	31	24	24	17	26	13	16	19	13	15	10	15	6	4	1	3	1	3	1	1	1	0	0	0	0	0
218	1,000	23	34	43	16	25	12	17	28	37	18	20	19	20	8	7	14	9	3	7	7	2	1	0	0	3	4	0	0	0	0	0	0
219	1,000	25	31	38	31	24	22	36	20	23	24	22	19	18	15	13	8	11	5	1	1	1	2	3	2	1	0	0	1	1	0	1	0
220	1,000	22	41	45	18	21	16	37	29	15	23	14	14	23	20	6	22	9	10	8	5	1	3	3	0	2	2	1	0	1	0	1	0
221	1,000	28	29	55	17	23	15	26	22	26	26	17	12	30	13	12	13	11	10	6	4	5	1	5	2	1	0	0	0	0	1	0	0
222	1,000	48	40	61	31	13	19	36	36	24	25	22	12	17	18	10	11	10	9	7	7	2	3	2	5	1	1	0	1	0	0	0	0
223	1,000	26	49	50	22	25	22	32	31	25	23	19	18	23	20	18	14	9	12	12	4	4	3	1	4	2	0	0	0	0	0	0	0
224	1,000	26	46	38	20	24	25	39	36	16	16	16	18	18	12	12	13	5	6	6	2	5	3	0	4	1	0	0	1	0	0	0	0
225	1,000	23	29	34	29	22	24	35	17	28	23	17	11	15	15	7	18	5	9	8	6	6	3	1	3	1	0	0	0	0	0	0	0
226	0,999	35	41	43	32	20	19	28	17	26	23	12	15	22	14	13	15	10	9	7	7	2	4	4	4	0	0	0	0	0	0	0	0
227	1,000	28	33	36	20	17	24	31	24	33	24	14	13	19	16	10	14	10	10	9	3	6	5	1	1	2	0	0	0	0	0	0	0
228	1,000	26	33	47	21	16	14	31	33	26	17	25	20	17	14	17	13	8	10	7	5	6	0	5	2	1	1	0	0	0	1	0	0
229	1,000	37	43	62	20	29	20	29	32	25	25	16	17	16	21	15	17	11	7	5	7	3	3	3	2	1	1	2	0	0	0	1	0
230	1,000	32	35	52	18	20	20	48	25	25	32	25	17	16	14	11	15	15	10	6	4	5	3	2	3	2	2	0	0	1	0	1	0
231	1,000	33	44	46	24	20	20	45	25	27	29	18	15	16	15	11	25	10	10	6	3	3	4	1	1	1	0	0	0	0	0	1	0
232	1,000	31	33	34	15	23	16	24	26	20	26	15	16	18	15	17	9	14	14	9	4	5	3	3	3	3	0	0	1	0	1	0	0
233	1,000	30	40	44	19	21	14	30	31	22	26	13	14	19	10	8	7	8	7	8	6	6	2	1	0	1	0	0	2	1	0	0	0
234	1,000	20	45	37	16	22	21	32	26	26	15	18	14	22	8	8	11	7	14	2	4	2	1	2	0	3	2	0	0	0	0	0	0
235	1,000	34	32	41	26	24	19	32	31	20	25	21	15	27	23	12	18	15	10	6	7	4	1	0	1	2	0	0	0	0	0	0	0
236	1,000	29	48	56	29	22	14	35	27	19	14	12	15	24	20	17	13	11	6	6	3	2	4	4	0	1	2	0	0	0	0	0	0
237	1,000	33	54	44	32	26	20	39	33	19	21	23	19	25	26	8	21	10	15	4	3	3	1	1	4	1	1	0	0	0	0	0	0
238	1,000	28	33	33	20	26	25	43	34	24	20	20	22	19	20	12	17	4	8	8	9	4	4	4	1	1	1	0	0	0	0	0	0
239	1,000	34	32	33	18	16	17	32	24	25	14	18	16	21	20	15	19	14	9	7	5	8	2	4	2	2	0	0	0	0	0	1	0
240	1,000	31	39	37	27	18	19	43	25	22	30	20	12	10	18	12	12	8	6	9	2	3	1	0	0	3	1	0	0	0	0	0	0
241	1,000	23	36	48	20	29	17	30	24	22	12	25	9	16	24	15	19	15	14	5	6	6	2	3	1	0	1	0	0	0	0	1	0
242	1,000	19	34	46	26	15	18	35	23	18	24	20	8	21	9	7	15	12	9	8	4	2	2	2	2	1	1	1	0	0	0	1	0
243	1,000	30	41	41	32	20	13	25	34	20	30	16	20	18	15	9	5	4	9	7	7	2	3	2	2	2	0	0	0	0	0	0	0
244	0,999	24	38	48	23	21	20	30	32	32	22	19	15	13	22	15	16	12	14	4	6	3	4	2	1	2	0	0	0	0	1	0	0
245	1,000	38	34	50	25	26	28	42	27	17	24	15	27	21	17	12	14	11	15	5	4	2	3	0	0	2	0	0	0	0	0	1	0
246	1,000	34	43	44	23	16	26	28	26	16	24	23	18	28	18	11	18	16	6	9	4	5	3	1	2	1	2	0	0	0	0	0	0
247	1,000	26	31	36	24	24	17	28	24	29	23	21	21	14	18	9	15	15	8	8	3	5	4	2	0	1	0	0	1	0	0	0	0
248	1,000	18	38	35	18	21	18	38	26	21	25	21	13	20	19	10	10	11	9	7	8	6	4	1	1	0	1	0	0	0	0	2	0
249	1,000	20	31	46	20	30	18	32	31	24	26	12	15	19	10	13	11	11	9	7	4	5	0	1	2	1	1	0	1	0	0	0	0
250	1,000	20	40	44	18	18	13	31	18	23	16	18	16	26	18	11	19	9	3	6	4	4	2	3	4	2	1	0	2	0	0	0	0
251	1,000	33	33	49	27	23	27	38	36	20	22	18	19	21	21	10	15	5	10	5	9	5	6	0	0	1	0	0	0	0	0	0	0
252	1,000	26	41	48	24	23	22	39	35	23	19	20	16	30	13	16	20	8	10	9	8	6	4	0	2	1	1	1	0	0	0	0	0
253	1,000	29	35	43	27	17	17	38	28	30	19	13	21	18	15	17	13	10	10	6	3	6	2	3	0	1	0	0	0	0	0	0	0
254	1,000	33	24	35	28	17	13	26	21	19	23	10	11	16	19	11	20	12	9	4	0	4	1	4	1	4	0	0	0	0	0	0	0
255	1,000	25	30	36	22	17	18	40	23	23	18	22	14	18	21	15	15	11	6	8	5	3	3	1	3	0	1	1	0	0	0	0	0
256	1,000	33	31	25	22	18	18	28	31	19	17	20	15	21	16	11	14	13	13	4	1	5	7	1	1	3	0	0	0	1	0	1	0
257	1,000	28	38	48	22	23	14	32	28	24	16	22	12	19	21	14	20	14	12	6	5	4	8	3	0	2	1	1	0	0	0	0	0
258	1,000	29	48	45	33	33	23	30	36	27	18	19	15	23	19	16	13	9	12	9	5	7	4	3	1	0	2	0	0	0	0	0	0
259	1,000	31	35	41	14	14	18	36	28	19	21	20	11	18	17	10	21	12	13	11	5	5	3	3	0	1	0	0	1	0	0	0	0
260	1,000	41	32	46	20	28	13	50	31	20	24	18	21	21	21	20	14	16	8	9	6	6	4	1	1	0	0	0	0	1	0	0	0
261	0,999	20	30	39	29	29	17	27	32	31	12	12	10	15	9	11	16	12	11	7	6	1	3	2	0	1	1	1	0	0	0	0	0
262	1,000	23	34	45	27	16	23	26	42	26	24	23	16	20	16	12	9	9	7	4	6	6	0	5	3	1	2	0	0	1	0	0	0
263	1,000	29	36	40	20	16	14	30	19	21	15	19	20	15	15	14	13	8	8	7	4	7	4	2	2	0	1	0	0	0	0	0	0
264	1,000	30	37	43	26	16	16	31	29	15	25	17	15	13	15	10	16	12	15	4	5	4	5	4	3	2	1	1	0	0	0	2	0
265	1,000	35	32	47	21	18	20	26	25	18	21	22	15	13	14	8	6	10	8	10	6	6	1	3	2	5	1	0	0	0	0	0	0
266	1,000	39	42	39	28	22	18	39	22	25	16	16	13	22	21	17	17	11	12	8	5	2	5	0	2	0	1	0	0	0	0	0	0
267	1,000	36	52	46	27	24	18	34	27	26	23	18	22	20	16	17	12	12	12	15	6	4	2	2	0	3	1	1	0	0	0	0	0
268	1,000	34	35	44	24	22	15	35	33	24	17	19	18	20	9	16	11	14	11	9	1	5	4	2	2	1	1	1	0	0	0	0	0
269	1,000	27	35	42	28	23	14	38	25	24	15	20	15	11	18	15	14	8	5	6	2	2	1	4	1	1	0	0	0	0	1	0	0
270	1,000	24	46	49	24	21	21	30	25	22	20	17	14	25	13	10	10	8	11	9	7	7	3	2	3	3	1	0	0	0	0	0	0
271	1,000	26	40	49	39	23	14	30	26	17	22	21	17	20	13	18	12	10	8	8	4	9	6	6	4	1	0	0	0	0	0	1	0
272	1,000	25	36	48	21	20	21	34	22	20	13	17	6	18	16	12	10	8	8	8	10	5	5	1	1	5	2	1	0	0	0	1	0
273	1,000	25	43	38	20	27	22	33	31	17	24	18	25	20	13	20	14	9	12	9	7	9	4	0	0	1	1	1	1	0	1	0	0
274	1,000	43	41	43	30	24	12	37	29	33	25	22	20	30	16	14	17	10	13	5	4	4	4	2	4	1	0	0	0	0	0	0	0
275	1,000	34	41	38	23	17	17	28	29	22	17	18	25	21	17	20	18	19	9	8	4	3	2	1	2	1	0	0	0	0	0	0	0
276	1,000	32	44	36	19	14	12	28	24	18	18	19	13	30	22	11	20	15	9	10	7	2	5	1	2	1	1	0	0	0	0	0	0
277	1,000	31	46	40	30	20	23	20	30	20	21	16	17	24	12	13	21	6	10	7	5	6	2	1	1	3	0	0	0	0	0	0	0
278	1,000	31	24	36	21	21	29	39	32	22	14	21	13	17	18	11	8	13	20	5	5	6	5	2	2	3	2	0	0	0	0	0	0
279	0,999	29	33	47	21	18	22	21	28	15	25	12	19	21	15	12	17	9	6	4	7	5	4	0	2	3	0	0	0	0	0	0	0
280	1,000	28	45	45	31	22	29	27	26	24	23	17	6	26	10	16	12	13	10	12	5	8	1	4	1	2	2	0	0	0	0	1	0
281	1,000	29	35	42	34	17	24	29	29	25	17	19	21	20	19	18	7	16	13	7	5	4	2	1	2	2	0	0	0	0	0	0	0
282	1,000	34	41	52	28	19	16	34	28	24	25	12	11	32	16	16	16	16	10	9	4	6	4	0	3	3	0	0	0	0	0	0	0
283	1,000	34	32	41	21	33	15	25	28	24	22	21	13	14	14	14	13	5	9	6	8	4	4	1	3	1	3	0	0	0	0	0	0
284	1,000	33	43	34	24	17	16	38	22	17	17	11	14	11	17	19	11	14	7	8	5	1	1	2	2	1	0	0	0	0	0	0	0
285	1,000	30	30	43	33	17	18	37	33	18	24	20	16	23	17	8	7	6	11	7	3	2	4	3	2	1	1	2	0	0	0	0	0
286	1,000	42	23	40	26	19	19	24	32	25	20	14	15	22	9	13	18	11	8	6	7	1	4	2	1	1	1	0	0	0	0	0	0
287	1,000	32	34	58	31	17	24	26	35	17	22	14	19	23	15	15	14	23	7	13	5	5	2	2	6	2	0	0	1	0	0	0	0
288	1,000	31	37	46	23	22	13	30	27	29	25	22	21	29	16	14	13	14	13	8	3	7	4	4	1	1	1	0	1	0	0	0	0
289	1,000	38	32	34	22	25	14	34	29	24	27	19	19	17	31	9	13	8	8	6	4	1	1	4	4	0	1	0	1	0	0	0	0
290	1,000	31	28	47	22	21	29	40	28	23	31	23	17	22	18	16	20	8	10	5	0	2	2	2	2	1	1	0	0	0	0	1	0
291	1,000	37	46	35	28	20	16	31	22	22	29	17	14	16	20	9	18	11	18	2	4	7	2	5	1	0	1	1	1	1	1	0	0
292	1,000	29	47	44	16	18	19	35	31	21	13	16	13	17	8	10	14	15	7	7	6	7	2	4	0	3	0	0	0	0	0	0	0
293	1,000	33	30	46	21	27	22	32	23	21	23	27	21	20	14	15	13	14	10	2	5	1	3	2	4	0	0	0	1	0	1	1	0
294	1,000	35	36	38	24	24	14	31	29	18	20	23	19	21	13	16	8	11	9	7	3	2	2	0	0	1	1	1	0	0	1	1	0
295	1,000	30	42	41	18	19	20	28	26	34	20	17	19	27	19	16	16	19	10	9	7	3	2	0	2	1	0	0	0	0	0	1	0
296	0,999	32	44	45	21	21	18	25	28	19	18	17	19	24	15	19	20	18	5	6	8	4	3	3	5	1	0	1	1	0	0	0	0
297	1,000	22	31	50	18	23	20	34	37	29	26	21	13	22	17	13	12	10	14	8	1	5	3	2	1	0	1	1	0	0	0	0	0
298	1,000	21	39	50	30	20	14	32	23	19	24	22	26	23	15	10	16	12	9	6	3	7	4	2	2	1	4	1	0	0	0	0	0
299	1,000	24	35	38	26	22	19	37	36	21	10	14	13	23	20	6	9	11	12	5	3	4	0	2	2	1	1	0	0	0	0	0	0
300	1,000	32	38	45	16	19	17	29	28	24	27	20	12	20	13	17	13	8	10	7	5	4	3	0	1	3	0	1	0	0	0	0	0
301	1,000	25	41	34	27	19	24	41	21	27	28	11	14	17	18	14	15	9	9	3	5	4	4	1	3	2	1	0	0	0	0	0	0
302	1,000	33	26	41	20	17	20	40	33	27	23	18	18	12	17	14	17	13	13	13	7	7	4	2	3	2	1	2	0	0	0	1	0
303	1,000	33	36	55	22	23	20	27	32	29	25	22	17	23	16	15	16	13	9	5	3	5	6	4	2	0	0	0	0	1	0	0	0
304	1,000	44	35	42	23	21	15	25	27	26	9	15	16	31	18	11	15	15	13	5	7	2	1	5	4	1	1	0	0	0	0	0	0
305	1,000	27	39	43	33	19	17	41	28	23	22	20	17	20	14	16	17	13	10	6	4	3	1	2	4	2	0	0	0	0	0	1	0
306	1,000	37	39	45	30	22	16	32	20	18	25	19	14	18	17	5	10	9	12	6	10	5	6	2	0	4	0	0	0	0	0	0	0
307	1,000	29	28	40	19	14	21	34	28	24	23	19	17	24	15	18	17	7	16	6	4	10	2	1	0	1	0	1	0	1	0	0	0
308	1,000	27	41	60	30	22	22	33	34	23	22	15	20	16	12	12	14	7	11	9	6	3	3	2	5	3	0	0	1	1	0	0	0
309	1,000	28	45	53	19	24	22	33	39	28	27	15	15	19	19	15	9	9	9	8	12	2	1	3	2	0	1	0	0	0	0	0	0
310	1,000	25	40	55	30	21	12	40	25	32	15	15	19	18	20	6	13	17	8	9	7	3	3	3	1	2	2	2	1	0	0	0	0
311	1,000	45	40	36	31	20	22	40	17	27	24	21	11	23	16	17	21	12	12	10	5	1	2	0	2	1	1	1	0	0	0	0	0
312	1,000	24	34	43	20	15	17	33	30	24	12	22	19	27	17	17	21	9	7	7	1	4	6	4	2	1	1	0	1	0	0	0	0
313	1,000	34	34	44	28	18	21	25	25	30	19	15	14	14	13	8	18	11	6	6	2	6	2	0	3	3	1	0	2	0	0	0	0
314	0,999	40	36	37	22	22	15	29	27	26	23	15	16	11	20	13	15	10	6	5	6	5	3	3	1	1	0	0	0	0	0	0	0
315	1,000	28	34	34	26	19	11	21	21	32	17	16	19	16	11	8	12	16	8	4	5	1	6	2	4	0	2	0	0	0	0	0	0
316	1,000	36	38	46	30	18	16	31	30	26	25	19	18	20	17	14	13	10	11	7	4	5	1	4	0	0	1	0	0	0	1	1	0
317	1,000	23	37	38	19	22	22	30	23	26	23	18	13	23	20	14	13	13	6	9	4	2	3	2	2	1	1	0	1	0	0	0	0
318	1,000	37	22	36	18	25	27	30	40	25	16	18	21	22	15	15	23	7	9	3	3	7	0	1	3	3	1	0	0	0	0	0	0
319	1,000	4	3	4	0	2	1	1	0	2	5	0	2	0	1	1	1	0	1	1	0	1	0	0	0	0	0	0	0	0	0	0	0
320	1,000	0	0	0	0	0	0	0	0	0	0	0	0	0	0	0	0	0	0	0	0	0	0	0	0	0	0	0	0	0	0	0	0
321	1,000	0	0	0	0	0	0	0	0	0	0	0	0	0	0	0	0	0	0	0	0	0	0	0	0	0	0	0	0	0	0	0	0
322	1,000	0	0	0	0	0	0	0	0	0	0	0	0	0	0	0	0	0	0	0	0	0	0	0	0	0	0	0	0	0	0	0	0
323	1,000	0	0	0	0	0	0	0	0	0	0	0	0	0	0	0	0	0	0	0	0	0	0	0	0	0	0	0	0	0	0	0	0
324	1,000	1	0	0	0	0	0	0	0	0	0	0	0	0	0	0	0	0	0	0	0	0	0	0	0	0	0	0	0	0	0	0	0
325	1,000	0	0	0	0	0	0	0	0	0	0	0	0	0	0	0	0	0	0	0	0	0	0	0	0	0	0	0	0	0	0	0	0
326	1,000	0	1	0	0	0	0	0	0	0	0	0	0	0	0	0	0	0	0	0	0	0	0	0	0	0	0	0	0	0	0	0	0
327	1,000	0	0	0	0	0	0	0	0	0	0	0	0	0	0	0	0	0	0	0	0	0	0	0	0	0	0	0	0	0	0	0	0
328	1,000	0	0	0	0	0	0	0	0	0	0	0	0	0	0	0	0	0	0	0	0	0	0	0	0	0	0	0	0	0	0	0	0
329	1,000	0	0	0	0	0	0	0	0	0	0	0	0	0	0	0	0	0	0	0	0	0	0	0	0	0	0	0	0	0	0	0	0
330	1,000	0	1	0	0	0	0	0	0	0	0	0	0	0	0	0	0	0	0	0	0	0	0	0	0	0	0	0	0	0	0	0	0
331	0,999	0	0	0	0	0	0	0	0	0	0	0	0	0	0	0	0	0	0	0	0	0	0	0	0	0	0	0	0	0	0	0	0
332	1,000	0	0	0	0	0	0	0	0	0	0	0	0	0	0	0	0	0	0	0	0	0	0	0	0	0	0	0	0	0	0	0	0
333	1,000	0	0	0	0	0	0	0	0	0	0	0	0	0	0	0	0	0	0	0	0	0	0	0	0	0	0	0	0	0	0	0	0
334	1,000	0	0	0	0	0	0	0	0	0	0	0	0	0	0	0	0	0	0	0	0	0	0	0	0	0	0	0	0	0	0	0	0
335	1,000	0	0	0	0	0	0	0	0	0	0	0	0	0	0	0	0	0	0	0	0	0	0	0	0	0	0	0	0	0	0	0	0
336	1,000	0	0	0	0	0	0	0	0	0	0	0	0	0	0	0	0	0	0	0	0	0	0	0	0	0	0	0	0	0	0	0	0
337	1,000	1	0	0	0	0	0	0	0	0	0	0	0	0	0	0	0	0	0	0	0	0	0	0	0	0	0	0	0	0	0	0	0
338	1,000	0	0	0	0	0	0	0	0	0	0	0	0	0	0	0	0	0	0	0	0	0	0	0	0	0	0	0	0	0	0	0	0
339	1,000	0	0	0	0	0	0	0	0	0	0	0	0	0	0	0	0	0	0	0	0	0	0	0	0	0	0	0	0	0	0	0	0
340	1,000	0	0	0	0	0	0	0	0	0	0	0	0	0	0	0	0	0	0	0	0	0	0	0	0	0	0	0	0	0	0	0	0
341	1,000	0	0	0	0	0	0	0	0	0	0	0	0	0	0	0	0	0	0	0	0	0	0	0	0	0	0	0	0	0	0	0	0
342	1,000	0	0	0	0	0	0	0	0	0	0	0	0	0	0	0	0	0	0	0	0	0	0	0	0	0	0	0	0	0	0	0	0
343	1,000	0	0	0	0	0	0	0	0	0	0	0	0	0	0	0	0	0	0	0	0	0	0	0	0	0	0	0	0	0	0	0	0
344	1,000	0	0	0	0	0	0	0	0	0	0	0	0	0	0	0	0	0	0	0	0	0	0	0	0	0	0	0	0	0	0	0	0
345	1,000	2	0	0	0	0	0	0	0	0	0	0	0	0	0	0	0	0	0	0	0	0	0	0	0	0	0	0	0	0	0	0	0
346	1,000	0	0	0	0	0	0	0	0	0	0	0	0	0	0	0	0	0	0	0	0	0	0	0	0	0	0	0	0	0	0	0	0
347	1,000	1	0	0	0	0	0	0	0	0	0	0	0	0	0	0	0	0	0	0	0	0	0	0	0	0	0	0	0	0	0	0	0
348	0,999	0	0	0	0	0	0	0	0	0	0	0	0	0	0	0	0	0	0	0	0	0	0	0	0	0	0	0	0	0	0	0	0
349	1,000	1	0	0	0	0	0	0	0	0	0	0	0	0	0	0	0	0	0	0	0	0	0	0	0	0	0	0	0	0	0	0	0
350	1,000	0	0	0	0	0	0	0	0	0	0	0	0	0	0	0	0	0	0	0	0	0	0	0	0	0	0	0	0	0	0	0	0
351	1,000	0	0	0	0	0	0	0	0	0	0	0	0	0	0	0	0	0	0	0	0	0	0	0	0	0	0	0	0	0	0	0	0
352	1,000	0	0	0	0	0	0	0	0	0	0	0	0	0	0	0	0	0	0	0	0	0	0	0	0	0	0	0	0	0	0	0	0
353	1,000	0	0	0	0	0	0	0	0	0	0	0	0	0	0	0	0	0	0	0	0	0	0	0	0	0	0	0	0	0	0	0	0
354	1,000	0	0	0	0	0	0	0	0	0	0	0	0	0	0	0	0	0	0	0	0	0	0	0	0	0	0	0	0	0	0	0	0
355	1,000	0	0	0	0	0	0	0	0	0	0	0	0	0	0	0	0	0	0	0	0	0	0	0	0	0	0	0	0	0	0	0	0
356	1,000	0	0	0	0	0	0	0	0	0	0	0	0	0	0	0	0	0	0	0	0	0	0	0	0	0	0	0	0	0	0	0	0
357	1,000	0	0	0	0	0	0	0	0	0	0	0	0	0	0	0	0	0	0	0	0	0	0	0	0	0	0	0	0	0	0	0	0
358	1,000	0	1	0	0	0	0	0	0	0	0	0	0	0	0	0	0	0	0	0	0	0	0	0	0	0	0	0	0	0	0	0	0
359	1,000	1	0	0	0	0	0	0	0	0	0	0	0	0	0	0	0	0	0	0	0	0	0	0	0	0	0	0	0	0	0	0	0
360	1,000	0	0	0	0	0	0	0	0	0	0	0	0	0	0	0	0	0	0	0	0	0	0	0	0	0	0	0	0	0	0	0	0
361	1,000	0	0	0	0	0	0	0	0	0	0	0	0	0	0	0	0	0	0	0	0	0	0	0	0	0	0	0	0	0	0	0	0
362	1,000	1	0	0	0	0	0	0	0	0	0	0	0	0	0	0	0	0	0	0	0	0	0	0	0	0	0	0	0	0	0	0	0
363	1,000	0	0	0	0	0	0	0	0	0	0	0	0	0	0	0	0	0	0	0	0	0	0	0	0	0	0	0	0	0	0	0	0
364	1,000	0	1	0	0	0	0	0	0	0	0	0	0	0	0	0	0	0	0	0	0	0	0	0	0	0	0	0	0	0	0	0	0
365	1,000	0	0	0	0	0	0	0	0	0	0	0	0	0	0	0	0	0	0	0	0	0	0	0	0	0	0	0	0	0	0	0	0
366	0,999	0	0	0	0	0	0	0	0	0	0	0	0	0	0	0	0	0	0	0	0	0	0	0	0	0	0	0	0	0	0	0	0
367	1,000	0	0	0	0	0	0	0	0	0	0	0	0	0	0	0	0	0	0	0	0	0	0	0	0	0	0	0	0	0	0	0	0
368	1,000	0	0	0	0	0	0	0	0	0	0	0	0	0	0	0	0	0	0	0	0	0	0	0	0	0	0	0	0	0	0	0	0
369	1,000	1	0	0	0	0	0	0	0	0	0	0	0	0	0	0	0	0	0	0	0	0	0	0	0	0	0	0	0	0	0	0	0
370	1,000	0	0	0	0	0	0	0	0	0	0	0	0	0	0	0	0	0	0	0	0	0	0	0	0	0	0	0	0	0	0	0	0
371	1,000	0	0	0	0	0	0	0	0	0	0	0	0	0	0	0	0	0	0	0	0	0	0	0	0	0	0	0	0	0	0	0	0
372	1,000	1	0	0	0	0	0	0	0	0	0	0	0	0	0	0	0	0	0	0	0	0	0	0	0	0	0	0	0	0	0	0	0
373	1,000	1	0	0	0	0	0	0	0	0	0	0	0	0	0	0	0	0	0	0	0	0	0	0	0	0	0	0	0	0	0	0	0
374	1,000	0	0	0	0	0	0	0	0	0	0	0	0	0	0	0	0	0	0	0	0	0	0	0	0	0	0	0	0	0	0	0	0
375	1,000	1	0	0	0	0	0	0	0	0	0	0	0	0	0	0	0	0	0	0	0	0	0	0	0	0	0	0	0	0	0	0	0
376	1,000	0	0	0	0	0	0	0	0	0	0	0	0	0	0	0	0	0	0	0	0	0	0	0	0	0	0	0	0	0	0	0	0
377	1,000	0	0	0	0	0	0	0	0	0	0	0	0	0	0	0	0	0	0	0	0	0	0	0	0	0	0	0	0	0	0	0	0
378	1,000	0	0	0	0	0	0	0	0	0	0	0	0	0	0	0	0	0	0	0	0	0	0	0	0	0	0	0	0	0	0	0	0
379	1,000	0	0	0	0	0	0	0	0	0	0	0	0	0	0	0	0	0	0	0	0	0	0	0	0	0	0	0	0	0	0	0	0
380	1,000	0	0	0	0	0	0	0	0	0	0	0	0	0	0	0	0	0	0	0	0	0	0	0	0	0	0	0	0	0	0	0	0
381	1,000	0	0	0	0	0	0	0	0	0	0	0	0	0	0	0	0	0	0	0	0	0	0	0	0	0	0	0	0	0	0	0	0
382	1,000	0	0	0	0	0	0	0	0	0	0	0	0	0	0	0	0	0	0	0	0	0	0	0	0	0	0	0	0	0	0	0	0
383	0,999	0	0	0	0	0	0	0	0	0	0	0	0	0	0	0	0	0	0	0	0	0	0	0	0	0	0	0	0	0	0	0	0
384	1,000	1	0	0	0	0	0	0	0	0	0	0	0	0	0	0	0	0	0	0	0	0	0	0	0	0	0	0	0	0	0	0	0
385	1,000	0	0	0	0	0	0	0	0	0	0	0	0	0	0	0	0	0	0	0	0	0	0	0	0	0	0	0	0	0	0	0	0
386	1,000	0	2	0	0	0	0	0	0	0	0	0	0	0	0	0	0	0	0	0	0	0	0	0	0	0	0	0	0	0	0	0	0
387	1,000	0	0	0	0	0	0	0	0	0	0	0	0	0	0	0	0	0	0	0	0	0	0	0	0	0	0	0	0	0	0	0	0
388	1,000	0	0	0	0	0	0	0	0	0	0	0	0	0	0	0	0	0	0	0	0	0	0	0	0	0	0	0	0	0	0	0	0
389	1,000	1	0	0	0	0	0	0	0	0	0	0	0	0	0	0	0	0	0	0	0	0	0	0	0	0	0	0	0	0	0	0	0
390	1,000	0	0	0	0	0	0	0	0	0	0	0	0	0	0	0	0	0	0	0	0	0	0	0	0	0	0	0	0	0	0	0	0
391	1,000	0	0	0	0	0	0	0	0	0	0	0	0	0	0	0	0	0	0	0	0	0	0	0	0	0	0	0	0	0	0	0	0
392	1,000	0	0	0	0	0	0	0	0	0	0	0	0	0	0	0	0	0	0	0	0	0	0	0	0	0	0	0	0	0	0	0	0
393	1,000	0	0	0	0	0	0	0	0	0	0	0	0	0	0	0	0	0	0	0	0	0	0	0	0	0	0	0	0	0	0	0	0
394	1,000	1	0	0	0	0	0	0	0	0	0	0	0	0	0	0	0	0	0	0	0	0	0	0	0	0	0	0	0	0	0	0	0
395	1,000	1	0	0	0	0	0	0	0	0	0	0	0	0	0	0	0	0	0	0	0	0	0	0	0	0	0	0	0	0	0	0	0
396	1,000	1	0	0	0	0	0	0	0	0	0	0	0	0	0	0	0	0	0	0	0	0	0	0	0	0	0	0	0	0	0	0	0
397	1,000	0	0	0	0	0	0	0	0	0	0	0	0	0	0	0	0	0	0	0	0	0	0	0	0	0	0	0	0	0	0	0	0
398	1,000	0	0	0	0	0	0	0	0	0	0	0	0	0	0	0	0	0	0	0	0	0	0	0	0	0	0	0	0	0	0	0	0
399	1,000	0	0	0	0	0	0	0	0	0	0	0	0	0	0	0	0	0	0	0	0	0	0	0	0	0	0	0	0	0	0	0	0
400	1,000	1	0	0	0	0	0	0	0	0	0	0	0	0	0	0	0	0	0	0	0	0	0	0	0	0	0	0	0	0	0	0	0
401	0,999	0	0	0	0	0	0	0	0	0	0	0	0	0	0	0	0	0	0	0	0	0	0	0	0	0	0	0	0	0	0	0	0
402	1,000	0	0	0	0	0	0	0	0	0	0	0	0	0	0	0	0	0	0	0	0	0	0	0	0	0	0	0	0	0	0	0	0
403	1,000	0	0	0	0	0	0	0	0	0	0	0	0	0	0	0	0	0	0	0	0	0	0	0	0	0	0	0	0	0	0	0	0
404	1,000	0	0	0	0	0	0	0	0	0	0	0	0	0	0	0	0	0	0	0	0	0	0	0	0	0	0	0	0	0	0	0	0
405	1,000	0	0	0	0	0	0	0	0	0	0	0	0	0	0	0	0	0	0	0	0	0	0	0	0	0	0	0	0	0	0	0	0
406	1,000	0	1	0	0	0	0	0	0	0	0	0	0	0	0	0	0	0	0	0	0	0	0	0	0	0	0	0	0	0	0	0	0
407	1,000	1	0	0	0	0	0	0	0	0	0	0	0	0	0	0	0	0	0	0	0	0	0	0	0	0	0	0	0	0	0	0	0
408	1,000	0	0	0	0	0	0	0	0	0	0	0	0	0	0	0	0	0	0	0	0	0	0	0	0	0	0	0	0	0	0	0	0
