PARTICLE SIZE DISTRIBUTION DATA
Abakus sofware version: 	KORN67.V 2.S3 04/09/23
Noise level and calibration: 	0146 00000000 00000000 00000008 00000198 00000010 00000227 00000020 00000662 00000100 00004440 00000150 00005167 00000250 00005861 00000403 00006779 00000680 00008012 00001000 00009199 00001200 00009782 00000000 00000000 00000000 00000000 00000000 00000000 00000000 00000000 00000000 00000000
2019-9-3	10:5:29
Stand-alone measurement, no corresponding CFA file

Index	Duration (s)	0,8	0,9	1,0	1,1	1,2	1,3	1,4	1,6	1,8	2,0	2,2	2,4	2,6	2,9	3,2	3,5	3,9	4,3	4,8	5,3	5,8	6,4	7,1	7,8	8,6	9,5	10,5	11,6	12,8	14,1	15,5	80,0
285	1,000	0	0	0	0	0	0	0	0	0	0	0	0	0	0	0	0	0	0	0	0	0	0	0	0	0	0	0	0	0	0	0	0
286	34,000	0	1	0	0	0	0	0	0	0	0	0	0	0	0	0	0	0	0	0	0	0	0	0	0	0	0	0	0	0	0	0	0
287	1,000	0	0	0	0	0	0	0	0	0	0	0	0	0	0	0	0	0	0	0	0	0	0	0	0	0	0	0	0	0	0	0	0
288	1,000	0	2	1	0	0	0	0	0	1	0	0	0	0	0	0	0	0	0	0	0	0	0	0	0	0	0	0	0	0	0	0	0
289	0,999	1	2	7	4	4	3	3	8	6	4	2	0	0	1	1	0	0	1	1	0	1	0	2	1	0	0	1	0	0	0	0	1
290	1,000	12	16	29	20	9	6	7	8	5	6	4	2	4	2	3	1	3	4	1	1	1	1	0	1	0	0	0	0	1	0	1	0
291	1,000	42	65	153	77	26	20	37	25	26	20	7	13	10	9	8	5	7	12	5	6	3	0	1	3	0	3	0	2	0	1	1	0
292	1,000	69	109	201	97	50	31	46	19	18	22	9	6	11	6	8	7	6	4	2	3	3	1	3	1	0	0	0	0	1	1	0	0
293	1,000	69	109	178	90	40	23	41	24	13	19	7	9	9	5	6	1	8	6	7	0	3	5	2	2	1	1	2	0	0	0	0	0
294	1,000	75	104	173	92	46	19	31	21	14	9	2	6	11	9	10	4	4	2	2	1	2	4	1	4	2	1	1	0	0	0	0	0
295	1,000	59	95	161	71	34	26	33	16	19	8	7	9	5	7	7	6	5	2	3	3	4	1	4	4	0	0	0	0	1	1	0	0
296	1,000	64	87	180	85	38	21	36	19	15	9	5	7	9	4	2	6	10	2	1	1	1	0	0	0	0	2	0	0	0	0	0	0
297	1,000	67	94	171	83	48	27	32	12	19	9	7	6	5	9	0	6	3	4	2	4	0	4	1	2	1	0	0	0	0	0	1	0
298	1,000	57	108	162	75	28	30	28	23	9	13	4	5	9	9	5	7	4	1	6	2	3	2	1	2	1	0	1	0	0	0	1	0
299	1,000	67	106	152	88	41	27	35	18	10	4	4	9	9	13	4	5	1	3	1	2	2	3	0	1	2	0	0	2	0	1	0	0
300	1,000	52	99	186	91	42	21	27	27	12	10	11	6	8	6	6	5	3	4	2	4	2	2	0	1	0	1	0	0	0	0	0	1
301	1,000	54	97	166	82	47	27	29	23	11	8	12	5	7	4	4	0	6	5	1	2	2	1	2	0	0	2	0	0	1	0	0	0
302	1,000	65	97	189	92	43	25	31	17	19	7	6	9	10	2	7	3	1	3	4	1	2	0	0	1	0	1	0	1	0	1	0	0
303	1,000	62	100	201	100	29	35	33	21	20	3	3	5	7	3	6	5	4	2	4	1	1	2	4	5	1	1	0	0	0	0	0	0
304	1,000	71	102	168	73	44	25	29	21	8	6	10	9	17	4	7	1	2	0	4	2	3	4	1	1	1	2	0	0	0	0	0	1
305	1,000	56	87	168	90	50	17	34	14	14	14	5	8	8	3	2	3	3	5	4	0	2	0	3	1	1	0	0	0	0	0	0	0
306	1,000	62	102	168	84	26	24	28	19	17	9	3	11	11	6	5	6	5	5	4	2	0	0	0	0	0	0	0	0	1	0	0	0
307	0,999	65	106	188	91	43	18	31	18	18	8	4	5	8	5	3	3	0	6	4	2	5	3	1	2	1	0	0	1	0	0	0	0
308	1,000	53	100	192	88	35	28	34	22	10	6	6	4	3	4	7	5	4	2	4	2	4	1	0	0	1	1	0	0	0	0	1	0
309	1,000	65	106	162	88	32	31	30	17	15	12	7	5	4	4	3	8	3	4	0	1	2	1	0	1	0	0	0	0	0	1	0	0
310	1,000	70	99	183	111	38	31	24	12	4	5	6	5	10	8	6	2	6	6	3	2	1	1	2	1	1	0	0	1	0	0	0	0
311	1,000	82	98	169	81	38	12	26	20	10	3	3	4	7	4	2	7	3	6	2	2	2	1	1	0	0	0	0	0	0	0	0	0
312	1,000	56	99	181	65	38	25	31	12	14	11	7	2	4	5	2	7	7	1	1	1	2	1	3	2	1	0	1	1	1	0	0	0
313	1,000	58	100	142	77	29	28	35	17	13	4	8	3	4	2	5	2	3	1	2	2	1	1	0	1	2	2	0	1	0	0	0	0
314	1,000	51	104	166	82	50	27	34	20	12	7	8	6	8	3	5	2	2	3	2	2	2	0	2	0	0	0	0	0	0	0	0	0
315	1,000	59	107	168	76	42	24	30	20	14	7	10	8	7	7	8	7	1	4	2	1	3	1	0	0	0	0	0	0	0	0	0	0
316	1,000	54	97	171	80	30	25	19	25	15	9	7	5	8	3	2	4	4	4	5	2	2	1	0	0	0	1	0	0	0	0	0	0
317	1,000	58	100	158	71	37	24	22	25	16	8	6	4	10	4	2	4	9	5	4	2	3	1	3	0	0	1	0	0	0	0	0	0
318	1,000	63	97	163	82	46	35	25	22	5	7	3	4	10	3	2	1	4	3	6	2	0	3	0	0	0	0	2	1	1	0	1	0
319	1,000	64	84	167	66	46	23	33	23	9	11	2	3	9	2	5	8	4	2	1	0	3	0	3	2	1	0	0	0	0	0	0	0
320	1,000	51	98	168	64	46	28	33	18	11	8	8	6	5	4	9	4	2	4	3	2	0	2	1	2	2	0	0	0	1	0	0	0
321	1,000	73	85	181	85	45	25	30	18	10	10	4	5	3	7	5	6	4	3	2	3	0	0	0	0	1	0	0	0	0	0	0	0
322	1,000	59	94	182	76	39	21	22	18	10	5	6	6	6	6	4	6	6	4	2	1	1	2	4	0	0	1	0	0	1	0	0	0
323	1,000	61	98	167	85	43	27	28	12	14	11	9	4	9	3	3	2	3	4	1	2	1	1	0	1	1	2	0	0	1	0	1	0
324	0,999	67	104	167	85	43	33	25	21	11	9	4	10	6	3	2	2	4	5	1	3	3	0	1	0	2	0	0	0	0	0	0	0
325	1,000	62	96	154	85	38	34	28	15	8	10	5	5	4	7	5	5	4	3	6	1	1	1	1	0	0	1	1	1	0	0	0	0
326	1,000	67	104	158	94	32	19	32	22	12	9	5	6	5	6	5	7	3	3	1	1	2	0	1	2	0	1	0	0	0	0	0	0
327	1,000	66	103	167	75	44	25	30	16	16	8	9	2	10	2	1	4	0	5	0	3	2	3	0	1	1	0	0	0	0	0	1	0
328	1,000	65	109	180	96	37	30	29	17	8	12	13	7	6	8	5	2	6	0	2	1	3	2	4	0	0	0	0	0	0	0	0	0
329	1,000	67	100	171	82	47	18	21	18	16	11	3	8	5	7	2	6	1	3	1	0	3	1	1	2	1	1	0	0	0	0	0	0
330	1,000	53	98	179	69	41	29	31	18	12	4	6	7	4	10	0	5	7	2	2	2	3	2	1	1	0	1	0	0	0	0	0	0
331	1,000	72	94	173	88	44	31	27	24	13	6	9	4	4	6	6	5	4	1	6	1	3	1	0	0	1	0	0	0	0	0	0	0
332	1,000	60	93	183	81	39	26	26	14	13	7	6	2	7	4	5	5	3	6	2	1	1	0	1	1	1	0	0	0	0	0	1	0
333	1,000	76	92	187	88	37	27	29	26	13	8	3	4	7	6	6	3	3	3	3	0	0	2	4	0	0	1	0	0	0	0	0	0
334	1,000	56	96	187	92	38	18	25	24	13	5	3	3	7	3	6	3	3	0	3	3	1	3	0	0	1	1	1	0	0	0	0	0
335	1,000	64	95	178	68	25	29	24	17	17	7	7	2	6	3	3	9	2	4	0	0	0	1	1	2	0	2	1	0	0	0	0	0
336	1,000	51	95	165	78	51	24	24	21	9	11	6	4	9	5	2	3	4	4	2	0	3	1	0	0	1	2	0	0	1	0	0	0
337	1,000	69	87	186	85	47	26	31	24	11	7	6	12	8	5	3	3	5	0	2	0	3	1	1	1	1	0	0	0	0	1	0	0
338	1,000	55	105	177	86	35	23	38	13	10	11	7	7	6	3	3	8	5	3	4	1	1	1	1	0	1	1	0	1	0	0	0	0
339	1,000	58	103	198	84	34	20	27	19	18	12	6	5	3	3	2	6	3	4	3	3	1	1	1	0	1	0	0	0	0	0	0	0
340	1,000	69	112	167	78	32	26	26	14	10	15	6	11	8	7	2	6	3	1	1	2	1	2	1	1	3	0	0	0	0	0	0	0
341	0,999	64	100	169	79	34	31	33	17	8	13	8	8	11	4	2	3	3	3	1	4	3	1	0	1	1	0	0	0	0	1	0	0
342	1,000	71	95	155	80	45	14	32	19	15	9	6	5	10	7	2	5	5	3	4	1	1	1	1	1	1	0	0	0	0	1	0	0
343	1,000	62	95	172	80	36	21	32	24	13	5	3	4	9	4	2	4	5	7	1	1	2	2	1	0	0	0	0	0	0	0	0	1
344	1,000	50	85	172	89	38	23	28	10	13	6	3	6	4	5	5	7	5	4	3	1	0	2	0	0	0	0	0	0	0	0	0	0
345	1,000	52	75	172	74	50	20	23	18	11	11	10	5	7	6	0	6	5	4	0	4	0	0	3	0	0	0	1	0	0	0	0	0
346	1,000	55	101	168	74	44	25	34	23	12	10	8	7	4	5	5	6	3	3	4	1	2	3	1	2	0	0	0	0	0	0	0	0
347	1,000	60	99	180	85	36	31	23	22	17	7	3	5	7	7	4	2	1	1	5	1	5	2	0	0	0	0	0	0	0	0	0	0
348	1,000	55	94	176	89	44	36	31	25	21	11	5	7	7	1	3	4	2	2	2	2	0	0	0	0	2	0	1	0	0	0	0	0
349	1,000	61	98	190	85	44	27	20	24	14	5	4	5	10	4	5	7	0	1	4	1	2	2	3	1	1	1	0	0	0	0	0	0
350	1,000	55	82	174	84	45	19	28	16	11	11	7	9	1	6	3	3	5	2	1	1	5	1	0	0	0	0	0	0	0	0	0	0
351	1,000	58	83	158	74	34	23	36	17	16	8	3	9	3	4	2	7	2	1	1	0	2	2	0	0	0	1	0	0	0	0	0	0
352	1,000	57	97	177	74	35	21	19	12	14	13	4	7	3	3	3	3	4	3	7	1	1	2	0	1	0	1	0	0	0	0	0	0
353	1,000	74	88	176	90	45	27	37	21	14	11	7	4	6	3	3	2	2	3	4	1	0	1	0	2	1	1	0	0	1	0	0	0
354	1,000	55	106	184	87	40	34	32	18	13	9	11	2	9	2	2	6	10	3	2	0	4	2	0	1	2	0	0	0	0	1	0	0
355	1,000	77	95	160	74	44	18	24	12	16	4	9	3	6	6	2	7	2	2	0	3	3	2	0	1	0	0	0	0	1	0	0	0
356	1,000	74	85	176	76	43	20	24	16	8	6	5	4	1	11	2	3	4	2	0	1	0	1	3	0	1	0	0	0	0	0	1	0
357	1,000	56	120	183	76	51	25	36	19	11	6	10	7	7	5	9	5	3	3	2	0	5	0	2	0	1	0	0	0	0	0	0	0
358	1,000	44	99	163	86	30	37	25	17	12	7	8	7	7	11	1	7	3	3	0	1	2	1	0	1	1	0	0	0	0	0	0	0
359	0,999	63	102	201	89	41	21	24	32	10	8	8	5	4	3	3	9	9	6	2	2	0	2	0	1	3	0	0	0	0	0	0	0
360	1,000	67	105	190	88	41	23	32	22	11	5	10	5	5	5	3	2	4	6	2	2	1	2	0	0	0	0	0	0	0	0	0	0
361	1,000	45	97	169	72	34	20	27	19	13	5	5	3	10	4	4	1	3	2	0	0	1	2	1	0	1	0	0	0	1	0	0	0
362	1,000	68	110	181	67	39	32	26	14	23	3	9	8	9	4	3	2	3	3	2	6	1	0	2	1	1	0	0	0	0	0	0	0
363	1,000	66	102	178	71	37	20	43	18	12	14	8	3	3	3	4	4	4	2	1	2	2	0	1	0	1	0	0	0	0	0	0	0
364	1,000	83	91	169	93	44	20	25	16	13	3	9	10	8	2	2	4	1	4	1	2	2	2	1	0	2	0	1	0	0	0	0	0
365	1,000	52	110	157	87	39	16	22	19	13	11	4	6	6	4	2	6	1	3	1	1	1	0	0	5	0	0	0	0	0	1	0	0
366	1,000	56	105	151	68	38	24	33	18	12	6	10	7	13	4	8	0	3	4	2	3	1	2	1	1	1	0	0	0	0	0	0	0
367	1,000	55	72	176	79	28	28	19	18	11	6	5	5	7	5	1	7	4	3	3	1	0	1	1	1	3	0	0	0	0	0	0	0
368	1,000	68	86	161	71	43	25	30	18	14	8	9	3	6	4	3	4	3	4	0	1	1	3	0	0	0	0	1	0	0	0	0	0
369	1,000	55	85	175	90	37	22	28	20	12	7	9	4	5	5	3	4	3	1	3	0	1	0	1	0	0	1	0	0	0	0	0	0
370	1,000	66	92	173	67	42	27	36	24	12	15	5	1	4	3	5	4	1	2	3	2	2	1	2	0	0	0	0	0	0	0	0	0
371	1,000	64	97	183	69	30	15	20	27	16	5	6	8	7	7	4	2	3	1	4	2	1	0	0	3	1	1	0	1	0	0	0	0
372	1,000	63	104	170	83	39	21	31	13	7	12	4	6	3	4	5	2	4	5	3	1	4	1	0	1	2	1	0	0	0	0	0	0
373	1,000	63	95	197	79	38	21	29	16	14	5	2	11	3	4	5	5	2	3	2	1	0	2	1	0	2	0	2	0	0	0	0	0
374	1,000	51	109	180	71	37	35	22	23	18	7	8	7	7	10	3	3	2	2	1	3	4	0	1	1	2	0	0	0	0	0	0	0
375	1,000	51	110	168	75	39	21	37	20	9	8	8	5	4	4	2	4	2	5	3	0	2	3	0	0	1	0	0	0	0	0	0	0
376	0,999	43	99	187	73	43	22	29	21	9	5	7	5	5	4	5	3	1	1	1	2	0	4	0	0	2	0	0	0	1	0	0	0
377	1,000	51	112	160	70	39	24	29	20	12	11	7	2	3	1	8	1	2	5	3	0	0	1	0	0	0	0	0	1	0	0	0	0
378	1,000	70	94	165	73	30	29	27	12	11	7	7	8	3	5	2	3	6	5	1	1	1	1	1	2	0	0	1	0	1	0	0	0
379	1,000	62	94	155	79	37	24	39	19	9	4	6	7	9	1	3	0	3	1	0	2	1	1	0	0	0	0	0	0	0	0	0	0
380	1,000	57	88	170	76	37	27	26	13	16	5	10	10	7	6	2	1	3	5	0	0	1	2	1	1	1	1	0	0	0	0	0	0
381	1,000	69	101	162	86	48	24	33	20	11	7	4	2	7	8	1	2	1	0	3	2	2	2	1	1	0	0	0	0	0	0	0	0
382	1,000	64	93	149	79	31	27	28	27	15	14	11	4	8	6	4	3	1	2	2	0	1	3	0	1	0	0	0	1	0	0	1	0
383	1,000	58	113	159	86	33	26	37	16	13	9	6	6	7	2	1	4	5	1	4	1	1	0	0	1	1	0	0	0	0	0	0	0
384	1,000	54	119	184	64	40	30	12	5	11	9	8	7	7	5	4	2	4	2	1	2	2	3	0	0	3	0	0	0	0	0	0	0
385	1,000	70	96	154	79	49	21	25	15	11	8	7	3	3	7	3	2	5	4	3	1	2	2	1	1	0	0	0	0	0	0	0	0
386	1,000	69	78	163	89	42	27	25	25	15	10	5	7	10	5	1	4	5	3	4	0	2	1	1	1	0	0	0	0	1	0	0	0
387	1,000	60	96	186	86	30	24	25	18	5	9	4	4	4	4	3	2	2	4	2	1	0	1	2	0	0	0	0	0	0	0	0	0
388	1,000	62	93	174	79	37	25	31	17	17	12	5	6	5	7	1	1	3	4	2	1	2	0	0	1	2	0	0	0	0	0	0	0
389	1,000	67	94	168	70	41	28	19	26	12	9	3	6	9	6	4	6	3	2	3	3	2	2	1	3	0	0	0	0	0	0	0	0
390	1,000	57	101	162	76	39	17	36	26	7	6	9	5	5	5	2	1	2	1	2	1	4	1	1	0	0	0	0	0	1	0	0	0
391	1,000	54	101	179	72	33	22	26	18	9	14	9	3	5	1	6	0	3	3	1	0	1	1	1	0	0	0	1	0	0	0	0	0
392	1,000	61	92	169	73	44	23	36	22	13	7	15	9	5	7	6	4	4	0	1	0	1	2	0	0	0	0	0	0	0	0	0	0
393	1,000	37	39	64	37	15	9	12	7	6	6	5	1	6	1	2	3	2	1	0	0	0	0	0	1	0	0	0	0	0	0	0	0
394	0,999	0	0	0	0	0	0	0	0	0	0	0	0	0	0	0	0	1	0	0	0	0	0	0	0	0	0	0	0	0	0	0	0
395	1,000	1	0	0	0	0	0	0	0	0	0	0	0	0	0	0	0	0	0	0	0	0	0	0	0	0	0	0	0	0	0	0	0
